episode, reward, success, duration, steps, total_steps, memory length, avg_critic_loss, avg_actor_loss
1, -10399.07416832447, 2, 33.05753521399993, 1035, 25631,                                             25631, 4.1875739097595215, 201.59303283691406
2, -9672.724729180336, 4, 55.768000144000325, 1563, 27194,                                             27194, 4.312911033630371, 214.47421264648438
3, -10039.358351707458, 4, 57.57676701700029, 1663, 28857,                                             28857, 4.330723285675049, 237.1979522705078
4, -10389.176256895065, 4, 59.026522176999606, 1717, 30574,                                             30574, 4.542089939117432, 262.53875732421875
5, -8767.321594715118, 4, 56.61971754999968, 1473, 32047,                                             32047, 4.581129550933838, 283.9306335449219
6, -9366.1119992733, 4, 58.04398024600005, 1489, 33536,                                             33536, 4.664826393127441, 302.550048828125
7, -9559.11108660698, 4, 56.073836249000124, 1569, 35105,                                             35105, 4.81520938873291, 321.78765869140625
8, -4726.202603340149, 4, 57.44278941799985, 1351, 36456,                                             36456, 4.965982437133789, 330.8477783203125
9, -5084.382520914078, 4, 59.48578679000002, 1703, 38159,                                             38159, 4.94436502456665, 330.0635986328125
10, -4284.980185508728, 2, 21.371336560000145, 584, 38743,                                             38743, 4.908774375915527, 327.30426025390625
11, -2579.8295887708664, 2, 5.935677490999751, 162, 38905,                                             38905, 5.116084575653076, 328.7032470703125
12, -5261.566836595535, 2, 37.185481912999876, 1087, 39992,                                             39992, 5.1124491691589355, 327.4255676269531
13, -8841.745833873749, 2, 39.21206101600001, 1043, 41035,                                             41035, 5.231282711029053, 328.845458984375
14, -7314.741889715195, 2, 31.51661113199998, 730, 41765,                                             41765, 5.327612400054932, 331.7800598144531
15, -2839.907188653946, 2, 12.584530529000403, 334, 42099,                                             42099, 5.524287223815918, 339.4217834472656
16, -4023.479698717594, 2, 35.02624242599995, 1034, 43133,                                             43133, 5.679994106292725, 337.7909240722656
17, -2706.731681585312, 2, 8.344867480000175, 181, 43314,                                             43314, 5.768801689147949, 339.94146728515625
18, -3567.1628271341324, 2, 28.839467927999976, 770, 44084,                                             44084, 5.762814998626709, 339.1488342285156
19, -4639.139595508575, 2, 19.41915613800029, 482, 44566,                                             44566, 6.007575035095215, 339.3935241699219
20, 1153.6592821478844, 1, 22.19036799999958, 587, 45153,                                             45153, 5.804069995880127, 341.1929931640625
21, -2982.335446715355, 2, 8.694549673999973, 240, 45393,                                             45393, 6.08058500289917, 339.5704040527344
22, -5412.414151549339, 2, 34.826215058000344, 1014, 46407,                                             46407, 5.972344875335693, 338.21807861328125
23, -3999.642170906067, 2, 10.73372031800045, 329, 46736,                                             46736, 6.060283660888672, 338.07061767578125
24, -3019.53208476305, 2, 15.514776449000237, 435, 47171,                                             47171, 6.091022968292236, 338.1228332519531
25, -3170.3731907606125, 2, 14.74516516499989, 395, 47566,                                             47566, 6.06685209274292, 338.63653564453125
26, -3947.553874015808, 2, 23.175613318000615, 712, 48278,                                             48278, 6.420759201049805, 336.6270751953125
27, -5606.949591517448, 2, 42.0367778509999, 1244, 49522,                                             49522, 6.574601650238037, 335.3033752441406
28, -11108.37208724022, 2, 46.10813249400053, 1421, 50943,                                             50943, 7.00925350189209, 334.470703125
29, -3199.025578737259, 2, 11.148651337000047, 307, 51250,                                             51250, 6.918073654174805, 337.64788818359375
30, -4681.180795550346, 2, 24.360994116000256, 758, 52008,                                             52008, 7.058561325073242, 335.2982177734375
31, -4197.5771107673645, 2, 11.239151419000336, 337, 52345,                                             52345, 7.329842567443848, 335.9451599121094
32, -4415.071064889431, 2, 30.76850474300045, 924, 53269,                                             53269, 7.324554920196533, 335.02886962890625
33, -3975.8234117031097, 2, 14.739166153000042, 451, 53720,                                             53720, 7.067923545837402, 338.4400634765625
34, -3454.640606403351, 2, 10.528941307999958, 297, 54017,                                             54017, 7.5806732177734375, 339.0072326660156
35, -5104.830985784531, 2, 23.435197089999747, 716, 54733,                                             54733, 7.569712162017822, 337.3658752441406
36, -4134.690536856651, 2, 12.946018444999936, 409, 55142,                                             55142, 7.755974769592285, 338.926025390625
37, -3939.4843497276306, 2, 20.749305653000192, 602, 55744,                                             55744, 7.705228328704834, 339.490234375
38, -5369.656413555145, 2, 24.765621083000042, 711, 56455,                                             56455, 7.757874488830566, 338.76104736328125
39, -7814.85009098053, 2, 52.9858031800004, 1665, 58120,                                             58120, 8.157432556152344, 343.86456298828125
40, -13492.050036072731, 2, 73.66705950699998, 2121, 60241,                                             60241, 8.23445987701416, 349.4159240722656
41, -6468.068234443665, 2, 42.33099624999977, 1222, 61463,                                             61463, 8.554577827453613, 349.1968688964844
42, -13592.414198637009, 2, 70.76507884300008, 2171, 63634,                                             63634, 8.699429512023926, 349.4659729003906
43, -9384.634001493454, 2, 54.44990751499972, 1642, 65276,                                             65276, 8.82525634765625, 352.9105224609375
44, -4246.456077098846, 2, 32.70730150300005, 1024, 66300,                                             66300, 9.052315711975098, 358.3242492675781
45, -8151.518025398254, 2, 47.038198135999664, 1292, 67592,                                             67592, 9.058161735534668, 359.7062072753906
46, -12690.934802770615, 2, 58.127843966, 1632, 69224,                                             69224, 9.034717559814453, 362.2169494628906
47, 40.4747160077095, 1, 42.95852769499925, 1206, 70430,                                             70430, 9.299080848693848, 364.73883056640625
48, -9425.838822424412, 2, 83.64341149099982, 2426, 72856,                                             72856, 9.458179473876953, 364.29583740234375
49, -2706.528392314911, 2, 7.334683774000041, 178, 73034,                                             73034, 9.554039001464844, 364.8819274902344
50, -4675.811842441559, 2, 20.14092219399936, 600, 73634,                                             73634, 9.335454940795898, 367.68048095703125
51, -8521.026965379715, 2, 28.764549479999914, 873, 74507,                                             74507, 9.560236930847168, 368.9333190917969
52, -11091.55743610859, 2, 45.14299979899988, 1310, 75817,                                             75817, 9.668776512145996, 374.2311096191406
53, -3986.302508831024, 2, 15.408910912000465, 458, 76275,                                             76275, 10.16690444946289, 377.6794128417969
54, -3491.428873062134, 2, 11.385457540000061, 339, 76614,                                             76614, 9.936193466186523, 377.42108154296875
55, -4974.618587970734, 2, 20.65721152900005, 614, 77228,                                             77228, 10.265059471130371, 381.39202880859375
56, -4421.933462381363, 2, 23.888444186000015, 653, 77881,                                             77881, 10.220982551574707, 379.672607421875
57, -3208.686045587063, 2, 20.012652018000153, 567, 78448,                                             78448, 10.101821899414062, 377.9250183105469
58, -6237.733520269394, 2, 22.332462950000263, 667, 79115,                                             79115, 10.002138137817383, 377.2998352050781
59, -6401.649605512619, 2, 48.53080550300001, 1377, 80492,                                             80492, 10.355639457702637, 380.1739807128906
60, -3761.470468878746, 2, 22.835573351000676, 625, 81117,                                             81117, 10.781702995300293, 377.92529296875
61, -4636.98158121109, 2, 21.172421602999748, 560, 81677,                                             81677, 10.32208251953125, 380.3859558105469
62, -4523.449568033218, 2, 28.14117128700036, 674, 82351,                                             82351, 10.637958526611328, 381.29693603515625
63, -6026.972002148628, 2, 22.837838630999613, 689, 83040,                                             83040, 10.421319007873535, 379.3229064941406
64, -6637.330268263817, 2, 35.894730310999876, 1091, 84131,                                             84131, 10.7079439163208, 383.5924377441406
65, -4583.747400999069, 2, 17.19770583599984, 474, 84605,                                             84605, 11.348072052001953, 388.01751708984375
66, -4499.565593957901, 2, 23.46452085799956, 673, 85278,                                             85278, 10.813641548156738, 385.0201416015625
67, -3909.98971927166, 2, 12.775770561000172, 376, 85654,                                             85654, 11.188066482543945, 390.35858154296875
68, -7676.256871461868, 2, 31.874196400999608, 897, 86551,                                             86551, 11.225152015686035, 387.09405517578125
69, -3751.8976262807846, 2, 14.45926990099997, 419, 86970,                                             86970, 11.186178207397461, 387.493408203125
70, -5208.08609354496, 4, 58.10423997700036, 1754, 88724,                                             88724, 11.199490547180176, 384.74102783203125
71, -4279.480977773666, 2, 19.08515635099957, 538, 89262,                                             89262, 11.025320053100586, 387.7518615722656
72, -4291.695116579533, 4, 57.155584826999984, 1696, 90958,                                             90958, 10.986213684082031, 386.4750061035156
