20260417-195845, ddpg_0, 0, 4, 128, 1000000, 44, 2, 512, 0.99, 0.003, 0.003, 0.01, A, False, False, 3, 4
20260417-200335, ddpg_1, 0, 4, 128, 1000000, 44, 2, 512, 0.99, 0.003, 0.003, 0.01, A, False, False, 3, 4
20260417-200606, ddpg_2, 0, 4, 128, 1000000, 44, 2, 512, 0.99, 0.003, 0.003, 0.01, A, False, False, 3, 4
20260417-201348, ddpg_3, 0, 4, 128, 1000000, 44, 2, 512, 0.99, 0.003, 0.003, 0.01, A, False, False, 3, 4
20260417-201543, ddpg_4, 0, 4, 128, 1000000, 44, 2, 512, 0.99, 0.003, 0.003, 0.01, A, False, False, 3, 4
20260417-202118, ddpg_5, 0, 4, 128, 1000000, 44, 2, 512, 0.99, 0.003, 0.003, 0.01, A, False, False, 3, 4
20260417-202526, ddpg_6, 0, 4, 128, 1000000, 44, 2, 512, 0.99, 0.003, 0.003, 0.01, A, False, False, 3, 4
20260417-214015, ddpg_7, 0, 4, 128, 1000000, 44, 2, 512, 0.99, 0.003, 0.003, 0.01, A, False, False, 3, 4
20260417-215645, ddpg_8, 0, 4, 128, 1000000, 44, 2, 512, 0.99, 0.003, 0.003, 0.01, A, False, False, 3, 4
20260417-215747, ddpg_9, 0, 4, 128, 1000000, 44, 2, 512, 0.99, 0.003, 0.003, 0.01, A, False, False, 3, 4
20260417-215848, ddpg_10, 0, 4, 128, 1000000, 44, 2, 512, 0.99, 0.003, 0.003, 0.01, A, False, False, 3, 4
20260417-221424, ddpg_11, 0, 4, 128, 1000000, 44, 2, 512, 0.99, 0.003, 0.003, 0.01, A, False, False, 3, 4
20260417-221957, ddpg_12, 0, 4, 128, 1000000, 44, 2, 512, 0.99, 0.003, 0.003, 0.01, A, False, False, 3, 4
20260417-225527, ddpg_13, 0, 4, 128, 1000000, 44, 2, 512, 0.99, 0.003, 0.003, 0.01, A, False, False, 3, 4
20260417-231131, ddpg_14, 0, 4, 128, 1000000, 44, 2, 512, 0.99, 0.003, 0.003, 0.01, A, False, False, 3, 4
20260417-233934, ddpg_15, 4, 128, 1000000, 44, 2, 512, 0.99, 0.003, 0.003, 0.01, A, False, False, 3, 4, results, 1, 0: 0%, 0: -inf
20260418-004430, ddpg_16, 0, 4, 128, 1000000, 44, 2, 512, 0.99, 0.003, 0.003, 0.01, A, True, False, 3, 4
20260418-004725, ddpg_17, 0, 4, 128, 1000000, 44, 2, 512, 0.99, 0.003, 0.003, 0.01, A, True, False, 3, 4
20260418-005225, ddpg_18, 0, 4, 128, 1000000, 44, 2, 512, 0.99, 0.003, 0.003, 0.01, A, True, False, 3, 4
20260418-011841, ddpg_19, 4, 128, 1000000, 44, 2, 512, 0.99, 0.003, 0.003, 0.01, A, True, False, 3, 4, results, 1, 0: 0%, 0: -inf
20260418-013434, ddpg_20, 0, 4, 128, 1000000, 44, 2, 512, 0.99, 0.003, 0.003, 0.01, A, True, False, 3, 4
20260418-013733, ddpg_21, 0, 4, 128, 1000000, 44, 2, 512, 0.99, 0.003, 0.003, 0.01, A, True, False, 3, 4
20260418-014503, ddpg_22, 0, 4, 128, 1000000, 44, 2, 512, 0.99, 0.003, 0.003, 0.01, A, True, False, 3, 4
20260418-022058, ddpg_23, 4, 128, 1000000, 44, 2, 512, 0.99, 0.003, 0.003, 0.01, A, True, False, 3, 4, results, 100, 100: 2%, 100: -1329.5235926151277
20260418-024904, ddpg_24, 0, 4, 128, 1000000, 44, 2, 512, 0.99, 0.003, 0.003, 0.01, A, True, False, 3, 4
20260418-135057, ddpg_25, 4, 128, 1000000, 44, 2, 512, 0.99, 0.003, 0.003, 0.01, A, True, False, 3, 4, results, 300, 100: 1%, 100: -1902.2779975414276
20260418-171505, ddpg_26, 0, 4, 128, 1000000, 44, 2, 512, 0.99, 0.003, 0.003, 0.01, A, True, False, 3, 4
